	CO2_mole_fract	T274K	T276K	T278K	T280K	T282K	T284K	T286K	T288K	T290K	T292K	T294K	T296K	T298K	T300K	T302K	T304K	T306K	T308K	T310K	T312K
0	0.01	0.9416668405918468	0.9289062136984693	0.915986882195996	0.9028507269906865	0.889510370059999	0.8760515215926293	0.8625002959315159	0.848839482452754	0.8351280900132013	0.821392582947907	0.8076509103676012	0.793923843502072	0.7801734297038023	0.76651783634274	0.7528841395467725	0.7393915949790784	0.7259533787076125	0.7126471549991047	0.6994704073209269	0.6864139138395713
1	0.0198989898989899	0.9238830904498605	0.9116886868915168	0.89931583610348	0.8867074034965093	0.8738778920011373	0.860911458650792	0.8478359757289854	0.8346343353958712	0.8213658991471764	0.8080582729317917	0.7947286255880971	0.7813997137401896	0.7680336301178935	0.754748242103163	0.7414720233435448	0.7283239221595399	0.7152178724688824	0.7022322013808185	0.6893642176357277	0.6766056858410401
2	0.029797979797979796	0.9063434159099762	0.8947017202582848	0.8828624996355734	0.8707696013604315	0.8584393546428918	0.8459543814108023	0.8333442469355814	0.8205919507980619	0.8077571824148758	0.794868631374505	0.7819427205014237	0.7690041080169479	0.7560149548187834	0.7430927882702053	0.7301674637576993	0.7173575864762365	0.7045778609679768	0.69190722070834	0.6793428097699615	0.6668773503862618
3	0.039696969696969696	0.889045069756728	0.877942692863984	0.8666243806173743	0.8550349574069852	0.8431925226321124	0.8311781797998007	0.8190231219320798	0.8067104595810605	0.7943001845990945	0.7818220129899274	0.769291654065564	0.7567355852022073	0.7441160570023575	0.7315502175184625	0.7189692878365579	0.7064914948413101	0.6940323257192508	0.6816712649653358	0.6694053016021654	0.6572280870285266
4	0.049595959595959596	0.8719853213888002	0.8614090027966823	0.8505990075101851	0.8395011300676427	0.8281351826933726	0.8165807658884132	0.8048706349887045	0.7929880140571397	0.7809931712026578	0.76891679239197	0.7567739042443652	0.7445927222047173	0.732335606916748	0.7201192885712879	0.7078763376812184	0.6957245682357415	0.683580261360534	0.6715233983388957	0.6595508223372855	0.6476570858143419
5	0.059494949494949496	0.855161456945065	0.8450980671887329	0.8347839293489825	0.8241657992526489	0.8132651434505331	0.8021600736755011	0.7908848420243063	0.7794227876721179	0.7678344281825827	0.7561513638263397	0.7443879677413385	0.7325741137119369	0.7206722916106659	0.7087987759597831	0.6968874702175026	0.6850557414932982	0.6732206754502639	0.6614626970301892	0.6497785123306645	0.6381635471204131
6	0.06939393939393938	0.8385707794343358	0.8290073222412486	0.8191767156828101	0.8090266662259396	0.7985802352517108	0.7879140588766645	0.7770638203696261	0.7660129747526999	0.7548222616887594	0.7435241409069253	0.7321323597381061	0.7206783719344577	0.7091248146862392	0.6975874697861435	0.686001556971078	0.6744839630884407	0.66295258826835	0.6514882490686084	0.6400875229152755	0.6287466814936337
7	0.07929292929292929	0.8222106088681984	0.8131342232511612	0.8037749565177492	0.7940814534828973	0.7840783099974493	0.7738406987163405	0.7634056685344858	0.75275679025803	0.7419549978070394	0.731033556356693	0.7200056136373967	0.7089041263549284	0.6976918960562583	0.6864841754912671	0.6752174838466627	0.6640081949281037	0.6527750326206955	0.641599154129335	0.6304770162321366	0.6194057094940159
8	0.08919191919191918	0.8060782823962975	0.7974762446404239	0.7885762622621489	0.7793279046306996	0.7697572409719085	0.7599379917233287	0.7499085059787841	0.7396524695353267	0.7292309823066131	0.7186780617529849	0.7080062808104717	0.6972500234813789	0.6863722717057306	0.6754877136265326	0.6645341509112263	0.653627412147267	0.6426870536472895	0.6317945233542487	0.6209461650638407	0.6101398615405058
9	0.09909090909090908	0.790171154443486	0.7820308799869303	0.7735782636738046	0.7647637842710271	0.7556149226768797	0.7462039575295993	0.7365704728871556	0.7266982680794869	0.7166485803915639	0.7064561272771043	0.6961329303488918	0.6857147266048437	0.6751646934576478	0.6645969196296558	0.6539504721810969	0.6433406029082347	0.6326877086338004	0.6220734791761087	0.6114941526711255	0.6009483777596143
10	0.10898989898989898	0.7744865968482649	0.7667956420567478	0.7587786118087907	0.7503868778849121	0.7416492706684625	0.7326366366722414	0.7233897299471698	0.7138924612965363	0.7042061764564931	0.6943662414680968	0.684384148820517	0.6742969155611932	0.6640679287428773	0.6538106436045336	0.6434653754128937	0.6331467682035449	0.6227760668265909	0.61243515514594	0.602120172632429	0.5918305078368116
11	0.11888888888888888	0.7590219990019673	0.7517680628372732	0.7441749779716692	0.7361949917195116	0.7278582213962269	0.7192340903984018	0.7103644581309515	0.7012333442708223	0.6919021738461082	0.6824069109806182	0.6727585400296454	0.6629952864970733	0.653080760374084	0.6431277501049943	0.6330778018981994	0.6230449216624291	0.6129512092510823	0.6028786957635515	0.5928234286863561	0.5827855108706167
12	0.12878787878787878	0.7437747679881643	0.7369456935709463	0.7297650536668008	0.7221859526766085	0.7142397320447114	0.705994400473096	0.6974928584801023	0.6887192315358408	0.6797349946186778	0.6705766603467979	0.6612547247811986	0.651808551639868	0.642201986323596	0.6325471179223647	0.6227867062618963	0.6130340893607461	0.6032122285333977	0.5934032563111231	0.5836031345770073	0.573812655229336
13	0.1386868686868687	0.7287423287217925	0.7223261047891687	0.7155465505505137	0.7083576082026513	0.7007917803771003	0.6929156689897551	0.6847731518938152	0.6763484568485896	0.6677030793132517	0.658874031741999	0.6498713406488597	0.6407354390715956	0.6314304195051329	0.6220676398767778	0.6125910562640844	0.6031133096343204	0.5935582287252147	0.5840080026897965	0.574458513902094	0.564911218410386
14	0.1485858585858586	0.7139221240875282	0.7079068863460888	0.7015172003838832	0.6947078261801466	0.6875123645809393	0.6799960181833925	0.6722035789200705	0.6641193729673563	0.6558048867205519	0.6472975847543898	0.6386070417470802	0.62977469250665	0.6207648875593064	0.6116882226121347	0.6024898326055065	0.5932816328956074	0.5839883251317572	0.5746921112592044	0.5653887999637968	0.5560804869021515
15	0.15848484848484848	0.6993116150769544	0.6936856474519489	0.6876747549858944	0.681234494820236	0.6743995031157534	0.6672335902462747	0.6597823995498155	0.6520303514328405	0.644038893657448	0.6358458961582333	0.6274604985068629	0.618925071073307	0.6102042326428182	0.6014077863946511	0.5924820287364073	0.583538121453618	0.5745016441428634	0.5654547686798764	0.5563932356222978	0.5473197560483228
16	0.16838383838383839	0.6849082809240988	0.6796600167056785	0.6740169861867786	0.6679355225562983	0.6614512345624353	0.6546265471459857	0.6475078930140282	0.6400797823525199	0.6324035947449244	0.6245175596908126	0.6164303974552461	0.6081853490989138	0.5997473112212754	0.5912252649149035	0.5825666506687545	0.5738818493370358	0.565097323067064	0.5562951717584658	0.5474710731519353	0.538628329914662
17	0.1782828282828283	0.6707096192389252	0.6658276421264695	0.6605416857813139	0.6548088379384188	0.6486656174742889	0.6421730704457803	0.635378357583568	0.6282660741881722	0.6208975021894536	0.6133111858329093	0.6055154409983972	0.5975543158986799	0.5893929938655443	0.5811396050933111	0.5727427167917463	0.564311902120456	0.5557745099686067	0.5472125272957299	0.538621574099929	0.5300055211581476
18	0.18818181818181817	0.656713146138409	0.652186191184051	0.6472466654819032	0.6418523895285847	0.636040730229601	0.6298713611271322	0.623392110371727	0.6165876535464675	0.6095191455676972	0.6022254015927481	0.5947143472082499	0.5870307755679964	0.5791401650515712	0.5711497668889718	0.5630092576905456	0.554827376753683	0.5465323635073662	0.5382060519372146	0.5298440091476145	0.5214506508984461
19	0.19808080808080808	0.6429163963748233	0.6387333508274289	0.6341297568712504	0.6290641457964704	0.6235746708856443	0.6177196394143727	0.6115474871393958	0.6050429649725497	0.5982670716144526	0.5912588502933412	0.5840258496125936	0.576613546778205	0.5689877229635931	0.5612547231117906	0.553365315968163	0.5454273813940245	0.537370052781582	0.5292749720265831	0.5211376579741454	0.5129630485916663
20	0.207979797979798	0.6293169234609092	0.6254668275118419	0.6211888113544632	0.6164420950156869	0.6112655570339994	0.6057161446013385	0.5998428421027562	0.5936304707465263	0.5871398440137677	0.5804101913631464	0.5734486969885562	0.5663014625757485	0.5589345793006751	0.5514534592378245	0.5438099460704325	0.5361110352415163	0.5282867571733592	0.520418523461533	0.5125018091226	0.5045420519063449
21	0.21787878787878787	0.6159122997916048	0.6123843472237283	0.6084217001104324	0.6039842451603732	0.5991115256571	0.5938591348799422	0.5882765477434275	0.5823486506827937	0.5761360431931498	0.5696781001299703	0.5629816531593921	0.5560933701846268	0.5489796590864934	0.5417449732277843	0.534342214114012	0.5268774683770211	0.5192816661968834	0.5116359515522511	0.5039357598684543	0.4961870066016193
22	0.22777777777777777	0.6027001167620402	0.5994836555034926	0.5958263140423355	0.5916886238020207	0.587110732985916	0.5821468871705792	0.57684699462099	0.5711960019321214	0.5652542661207993	0.5590612676180446	0.552623496794519	0.5459881308120904	0.5391219004823095	0.532128275348622	0.5249611977173421	0.5177258216031393	0.5103539793492872	0.5029265108823536	0.49543881609036594	0.4878972664075453
23	0.23767676767676768	0.5896779848815258	0.5867625174658845	0.5834005637271336	0.579553278006427	0.575261354358678	0.5705776969543014	0.565552591187809	0.5601710387864288	0.5544931261057925	0.5485584003482055	0.5423730212127252	0.5359846194575109	0.5293602546030604	0.5226023879981443	0.5156659858345132	0.5086552462878742	0.5015029059641164	0.49428946517225725	0.4870102921432228	0.4796721929075102
24	0.24757575757575756	0.5768435338832792	0.5742187178178196	0.5711423793639319	0.5675762742306772	0.563561584080574	0.5591498781066806	0.5543917636060971	0.5492722924861834	0.5438512526011546	0.538168220141112	0.5322290341884842	0.52608172472435	0.5196936853365054	0.5131663455325901	0.5064556785919686	0.49966490421099874	0.49272766506734444	0.4857240871449363	0.47864951073341155	0.47151115542270305
25	0.25747474747474747	0.5641944128296522	0.5618500608734778	0.5590497107210949	0.5557556982200748	0.5520096352843307	0.5478617627332952	0.543362955567144	0.5384983110303565	0.5333272910097481	0.5278894639234342	0.522190357761316	0.5162783486351751	0.5101211691653653	0.5038191940971071	0.4973293871279974	0.4907539674130631	0.48402748523587935	0.47722965839401166	0.4703558027962592	0.46341353089860016
26	0.2673737373737374	0.5517282902126488	0.549654370566533	0.5471205270820029	0.5440896549049238	0.5406037397916216	0.5367117010067721	0.5324646281126513	0.5278476589888775	0.5229199024929241	0.5177208835369512	0.5122558280481219	0.506573406449654	0.5006416949923955	0.49455999145907587	0.488286233434952	0.4819216180469964	0.4754016044585142	0.46880546925413147	0.4621285073756056	0.45537870379342166
27	0.2772727272727273	0.5394428540495386	0.537629490459382	0.5353528171893582	0.5325762682970991	0.5293421479752252	0.5256980610053278	0.5216952594581161	0.517318917317519	0.512627763781866	0.5076612455504952	0.5024242950584433	0.4969658264854683	0.49125426396832905	0.4853878068442187	0.4793253502041387	0.4731670482322407	0.46684926999927506	0.4604508186735899	0.45396697150546184	0.4474060659685226
28	0.2871717171717172	0.527335811973379	0.5257732837492521	0.5237445891879507	0.5212136813863298	0.5182231286218774	0.5148192285527465	0.5110533448182021	0.5069106831751613	0.5024495669915733	0.49770933107468607	0.4926946225125766	0.4874545499420861	0.4819578893226364	0.476301720775438	0.47044588067332965	0.464489459911378	0.4583697382631112	0.45216501408914256	0.44587055009371324	0.4394950165806785
29	0.29707070707070704	0.5154048913182985	0.5140836332710769	0.5122938705658057	0.5100000560361265	0.5072449687957623	0.5040736070597399	0.5005373962340443	0.4966215697433787	0.4923840194374245	0.4878639355793923	0.4830656876624886	0.4780385307273396	0.4727515961970447	0.467300824914329	0.461646978476838	0.4558880647091889	0.4499622746638859	0.44394737130297335	0.4378386058078245	0.4316449619762263
30	0.30696969696969695	0.5036478391993928	0.5025584414970432	0.500998708093638	0.4989335728793084	0.4964059737025839	0.49345961736664473	0.4901459424024379	0.48645020604829325	0.48242984345426854	0.47812386871387047	0.4735363811154768	0.4687167352867461	0.4636344214817571	0.45838422190531825	0.45292780749811085	0.44736208379410086	0.4416261534946202	0.43579721436177254	0.42987050896251033	0.42385531558702416
31	0.31686868686868686	0.4920624225871082	0.4911956305327293	0.4898571677625569	0.4880124312130604	0.4857044665541769	0.4829756975873989	0.479877528506858	0.4763952367846444	0.4725857762179864	0.4684879541295206	0.46410560666052	0.45948814243552444	0.45460541365432544	0.4495510252223668	0.44428754172478413	0.43891074774197736	0.43336065779994315	0.4277138754378764	0.42196563740932824	0.4161254978281962
32	0.32676767676767676	0.48064642837600247	0.4799931421097504	0.4788673347199594	0.47723484889348783	0.47513878843360474	0.4726203029547613	0.46973071605026573	0.46645532214202595	0.46285056956947157	0.45895502930521054	0.454772281097263	0.4503517431932477	0.4456636326211171	0.44080035901819664	0.43572536510615695	0.4305332964022005	0.4251650792507061	0.4196966947124368	0.41412337642815805	0.40845493599762206
33	0.33666666666666667	0.469397663447795	0.4689489375748594	0.46802731320356544	0.4665990622296186	0.46470729816071116	0.4623919056667256	0.45970408268965485	0.45662913763324336	0.453222989840988	0.4495239453751145	0.44553533406758544	0.4413065406210838	0.43680814956133124	0.43213135797598345	0.4272404714130306	0.4222289787659997	0.41703871802071846	0.411745020260573	0.40634311862052813	0.4008430641771404
34	0.3465656565656566	0.4583139547286177	0.4580609978754394	0.4573352264735577	0.4561033258768162	0.45440837215808044	0.45228899473409173	0.44979622207229436	0.44691537392474	0.4437018176848426	0.44019356695901785	0.43639370788970505	0.43235154966157047	0.4280380467735073	0.4235431671634705	0.418832064099872	0.4139970528369867	0.40898088266555976	0.4038582079384684	0.39862426380475385	0.3932893231354297
35	0.3564646464646465	0.44739314924041435	0.4473273235413517	0.446789216742785	0.44574591272957487	0.4442404043173807	0.44231007582915727	0.44000574367362977	0.4373127366690585	0.4342858479043387	0.43096277199503796	0.4273463573947612	0.423485796980879	0.4193524175244844	0.4150349418894562	0.4104993561692498	0.4058367855038484	0.40099089000343247	0.3960356212723771	0.3909662189128518	0.3857931602325358
36	0.36636363636363634	0.4366331141464284	0.4367459346631026	0.4363874451050082	0.43552511381366843	0.4342018058660528	0.4324536711354954	0.4303312726368009	0.4278199463392853	0.42497388928695834	0.421830451574716	0.41839224976583855	0.4147083208135159	0.4107503659007592	0.4066058475626092	0.40224157003850536	0.3977474524151609	0.39306806499800995	0.3882766313494979	0.3833683978891944	0.378354029326013
37	0.37626262626262624	0.42603173679074585	0.4263148708663007	0.42612809146115854	0.42543923817762336	0.4242910052343186	0.42271831919878133	0.42077144961374063	0.4184357380654399	0.41576476443973	0.4127955097804318	0.4095303643793752	0.4060181708094148	0.40223100666219774	0.39825505955256346	0.39405793740860895	0.3897283378562759	0.3852117406432418	0.3805806167106818	0.37583022159087065	0.37097139067864426
38	0.38616161616161615	0.4155869247318735	0.4160321912823954	0.41600935444360126	0.4154866127835063	0.4145064479224904	0.4131025747786478	0.4113249306078199	0.40915886147277314	0.40665730962674285	0.40385686352509836	0.40075969264891576	0.39741440788337634	0.39379346509805435	0.3899817630532516	0.3859476991351612	0.3817787346282455	0.3774212578500836	0.37294696324493504	0.36835111768972073	0.363644710867714
39	0.39606060606060606	0.4052966057703301	0.40589597451568066	0.40602945133838836	0.40566558239700223	0.4048465963685474	0.403605008701529	0.40199038681800486	0.399988080521934	0.39765037460876124	0.39501344239409314	0.39207923787116206	0.3888961040668074	0.3854368768852563	0.381785152948434	0.37791010510150014	0.37389794392874287	0.3696959653351033	0.3653750640856873	0.36093052057600933	0.3563734626958009
40	0.40595959595959596	0.3951587279702627	0.3959043186065681	0.3961866180054938	0.395974509476774	0.3953099298159729	0.3942242077144784	0.3927665044844942	0.3909221733509671	0.38874282248490405	0.3862641884893821	0.38348801507427993	0.3804623423617166	0.3771603879489079	0.3736644336793786	0.36994441409386924	0.36608527523493994	0.3620352195109385	0.3578643195087828	0.35356787126370914	0.3491571251030589
41	0.41585858585858587	0.3851712596750871	0.38605534099113575	0.38647910879703756	0.3864117740630972	0.38589494418182957	0.38495877433992975	0.3836519847358087	0.38195993211910834	0.37993352953634685	0.3776080562757989	0.3749850508684181	0.3721122165969289	0.3689631543249747	0.3656188191146519	0.3620498936786106	0.3583400461883061	0.3544383843785609	0.3504141368321693	0.3462626172973608	0.34199518308096444
42	0.4257575757575757	0.37533218951718306	0.3763471784569639	0.3769051964734968	0.3769757736657626	0.37660015192505425	0.3758073267313787	0.37464554343730105	0.3731001628523453	0.37122138507201385	0.36904401242943513	0.36656938329839917	0.3638448312864695	0.36084434202510246	0.35764753242198216	0.3542258200813409	0.3506615824812892	0.3469048314213168	0.3430239303172466	0.33901421266047904	0.3348871275874927
43	0.43565656565656563	0.3656395264216689	0.3667779870952796	0.3674631721179156	0.3676649231512443	0.3674240819149714	0.36676849852997195	0.3657459110410596	0.3643416852907075	0.36260529127621643	0.36057103568810617	0.35824006169854067	0.35565930149008057	0.3528031269035364	0.3497498059421533	0.34647147806807616	0.34304921774584163	0.33943393950070955	0.33569312107184374	0.33182211768547526	0.32783245546370154
44	0.44555555555555554	0.3560912996042971	0.35734594224943933	0.35815134504812673	0.3584776546291357	0.358365279300006	0.3578409387219759	0.35695183243718487	0.35568333273725544	0.35408416305821006	0.3521881167038555	0.34999614654957145	0.34755475267583386	0.3448386945260965	0.34192488106489227	0.3387861608282643	0.3355022934437604	0.33202509475388725	0.32842113695479513	0.32468579896506927	0.3208306693516942
45	0.45545454545454545	0.34668555856352495	0.3480492384597768	0.34896804272700216	0.34941241733785666	0.34942230537659236	0.34902331149711624	0.3482620668064061	0.3471239519087431	0.34565692790363206	0.34389425789745426	0.34183670933759835	0.33953032058479615	0.3369502400411715	0.3341720081067118	0.33116916985969225	0.3280201587588033	0.3246776904928083	0.3212074124820827	0.3176047292651583	0.31388127761393364
46	0.46535353535353535	0.33742037306681144	0.3388860894048587	0.33991161067075365	0.34046767752963764	0.3405937374582733	0.340314296107764	0.3396753874740222	0.33866240278791876	0.33732252572778804	0.33568847331487184	0.3337608324150932	0.3315851510977094	0.32913696805269865	0.3264904461906728	0.32361981485523106	0.3206021704905467	0.31739112710504835	0.3140513887345162	0.310578387439118	0.30698379425388367
47	0.47525252525252526	0.3282938331312065	0.3298547278391903	0.3309804123553072	0.3316419183547911	0.33187816874498194	0.33171258672896486	0.3311905817651405	0.3302975584774392	0.32907990873075305	0.32756978848567164	0.32576760886385964	0.3237184001036553	0.32139809249508133	0.3188794631280296	0.31613741359138475	0.31324769294995614	0.3101648119562172	0.30695251326692097	0.3036062583435063	0.30013773883795136
48	0.4851515151515151	0.319304048998313	0.3209534055274168	0.3221728291207788	0.32293363974527906	0.32327420819251074	0.32321689231928746	0.32280645086119464	0.3220283050553701	0.320928041254259	0.3195372402833024	0.31785614235994236	0.3159292333706604	0.3137328365100251	0.3113383353017233	0.3087212918186064	0.3059560978566308	0.30299815929396084	0.29991024001880406	0.2966878327551453	0.29334263641870423
49	0.495050505050505	0.3104491511036894	0.31218039317507595	0.31348726007408556	0.3143413582975931	0.3147804803821592	0.3148259364824884	0.31452180965771886	0.31385354143224786	0.3128658996403364	0.3115898767872557	0.3100255470404509	0.30821682641820974	0.30614043232524174	0.30386634755168856	0.3013707831533543	0.29872676423769856	0.29589059015351027	0.2929240292264738	0.28982260728955395	0.28659801745934105
50	0.5049494949494949	0.30172729004078724	0.30353398035595897	0.3049221219897215	0.305863607154959	0.30639562539056925	0.3065384573299786	0.306335486623367	0.30577217920967437	0.30489247209168246	0.30372675714704994	0.30227494737225713	0.30058036439163666	0.2986201211349947	0.29646279306194173	0.2940852289718495	0.29155907832832384	0.2888415322647559	0.28599334733657933	0.2830100843207035	0.27990341775939126
51	0.5148484848484849	0.29313663651951344	0.2950124754361367	0.2964758492087353	0.29749893588888743	0.29811829865974177	0.2983532073440825	0.29824632366014703	0.29778314254042576	0.29700675853372527	0.29594695144801797	0.29460347802253906	0.2930190419383524	0.2911711529824531	0.28912697324941505	0.2868639783055071	0.28445243347379945	0.2818504199608138	0.27911766692105006	0.2762497719020781	0.273258378381617
52	0.5247474747474747	0.2846753813195114	0.28661420549472016	0.288146893535952	0.28924591038008196	0.2899471708672464	0.2902689532420845	0.29025317596486616	0.28988536799004744	0.28920777047835744	0.2882495405788605	0.28701028373113463	0.2855320630858846	0.2837927866438174	0.281858197654508	0.27970638773800827	0.27740623003319836	0.27491669408805597	0.27229646659340645	0.2695411836890064	0.26666244558010127
53	0.5346464646464646	0.2763417352382657	0.2783375162414184	0.2799337241354758	0.28110311269873495	0.28188092779662266	0.2822844758410511	0.2823549118917613	0.2820778043999149	0.2814945308893125	0.2806336161009385	0.27949451918467544	0.2781186411216892	0.27648428951418846	0.27465578383332045	0.27261182130398387	0.2704198752845461	0.2680398019175813	0.26552923092641095	0.2628838388622478	0.2601151707294929
54	0.5445454545454546	0.26813392903413713	0.2701807719309689	0.27183482742451887	0.27306914098422613	0.2739182702079825	0.2743985699234273	0.27455041281630516	0.27435941275173853	0.27386607404915825	0.2730982801192788	0.27205534889247235	0.2707779984747106	0.2692449374951466	0.26751905725154257	0.26557965038927916	0.2634927833314962	0.261219197058095	0.2588154503710439	0.25627726205280615	0.25361611025539316
55	0.5544444444444444	0.2600502133644383	0.2621423552745091	0.26384870696560014	0.26514260932424843	0.26605791370881876	0.26661004410339884	0.2668385730001727	0.26672916603349167	0.26632144542787906	0.26564264515525815	0.2646919470641191	0.2635093665986528	0.26207401488401044	0.26044735117996437	0.2586092536327713	0.256624375011475	0.2544543393701756	0.2521546211767724	0.24972098326794898	0.24716482556585653
56	0.5643434343434344	0.25208885871866205	0.2542206673479694	0.25597388335716253	0.2573221476333871	0.25829858862503036	0.2589177206940152	0.25921829945735086	0.2591860491067424	0.25885970155302696	0.2582658340209432	0.2574034974887848	0.25631198585693604	0.25497081426474666	0.2534400065915823	0.2517000168297115	0.24981407780526874	0.24774469488189904	0.24554624531308902	0.24321453781840924	0.2407608829839919
57	0.5742424242424242	0.24424815534698138	0.2464141274975641	0.24820889412265376	0.24960640153117963	0.25063903987216696	0.2513204355750744	0.2516885118213825	0.2517290585753671	0.2514799098814131	0.25096697969505866	0.2501891934161736	0.249185105409308	0.24793463640050004	0.2464963720602701	0.24485133283656185	0.24306132574802838	0.24108973570579792	0.23898983039230048	0.23675746624675048	0.23440385368163466
58	0.5841414141414141	0.2365264131841464	0.23872117324245332	0.24055229359812302	0.2419940322196745	0.2430780268269123	0.24381703806175872	0.24424814221373264	0.2443572026556298	0.24418114867231833	0.24374522520055378	0.24304823743911175	0.2421279831000815	0.24096479012771543	0.2396158036609867	0.23806260147730332	0.23636555934166675	0.23448893995713027	0.23248488959353963	0.23034931425686742	0.2280933136140808
59	0.594040404040404	0.22892196176889504	0.23114026017467307	0.23300265281838045	0.23448371636053056	0.2356143231988055	0.23640639077402706	0.23689613511326033	0.23706950104760705	0.2369625068622013	0.23659972348374866	0.23597984137774525	0.2351398853479679	0.2340605922518243	0.23279766487149367	0.23133322945118528	0.22972622546861962	0.227941791673434	0.22603094158797846	0.22398963264460972	0.22182884345585277
60	0.6039393939393939	0.22143315015900292	0.22366986185640145	0.2255585594017791	0.22707414595166825	0.22824671690222167	0.2290873695067575	0.22963144722679105	0.22986498480794318	0.22982308394087872	0.2295296372950257	0.228983226165317	0.22822008703748642	0.22722136744446808	0.2260413264755575	0.22466263024189154	0.22314277730694818	0.2214477807353434	0.21962751046522347	0.21767797722949975	0.21561002853748662
61	0.6138383838383838	0.21405834684210656	0.21630846971465356	0.21821861743366094	0.21976402820351998	0.22097400992861232	0.22185886310063835	0.22245304736077523	0.22274269622391507	0.22276198982915904	0.2225341390710535	0.22205762173549629	0.2213678714119114	0.22044644814223086	0.21934616646760544	0.21805022402809815	0.21661467424675893	0.21500640278864439	0.21327412566086562	0.21141390878753138	0.20943645878331532
62	0.6237373737373737	0.20679593964242163	0.20905459293348724	0.2109814473485291	0.21255208541489296	0.21379501821903252	0.21471977331380798	0.21535991629402607	0.21570168868879372	0.21577834475790816	0.21561241081850668	0.21520226691123917	0.21458252996774235	0.21373517444685677	0.21271156995881502	0.21149543759539607	0.21014138180791503	0.20861715916754603	0.2069703218851709	0.20519699298502364	0.20330772865023475
63	0.6336363636363637	0.19964433562349138	0.20190675834380908	0.2038456858109957	0.2054370548484859	0.2067085715369498	0.2076690146942477	0.20835104665151977	0.20874102657848542	0.20887127914852385	0.20876364399927047	0.20841640929514876	0.20786336235066202	0.2070868940269236	0.20613692908460654	0.2049977042495576	0.2037223715590176	0.20227955681914697	0.2007156390528851	0.1990268003135156	0.19722343706743084
64	0.6435353535353535	0.1926019609870947	0.19486351031086727	0.19680998559556442	0.19841768860608405	0.1997135133413629	0.20070551445291968	0.20142544277926291	0.20185978512943253	0.20203993349480398	0.2019870394170967	0.20169930516131848	0.20120967625296557	0.20050096202095197	0.19962164291351878	0.19855646373111918	0.19735712103763386	0.1959931082290749	0.19450962221413504	0.1929029060256806	0.19118318737705287
65	0.6534343434343434	0.18566726096844458	0.18792341061951362	0.18987301546529484	0.1914927535034674	0.19280870066023417	0.19382821233765551	0.19458212062020375	0.19505705031777038	0.19528345824618737	0.19528180710569754	0.19505021934862682	0.1946207873124291	0.1939767409419186	0.1931651173574387	0.19217116213125826	0.19104511367174928	0.18975733134827522	0.18835182148640586	0.1868248900722403	0.18518658727581414
66	0.6633333333333333	0.17883869972781183	0.18108503835733264	0.1830334600494145	0.18466103094506026	0.18599300396425544	0.18703606050779636	0.18782010759118678	0.18833191873970995	0.18860101369233653	0.18864716621825192	0.18846842515546663	0.18809601901259668	0.1875136005831581	0.18676676508316722	0.1858412518089431	0.18478583870242124	0.18357174952093425	0.18224179198757567	0.18079233703986308	0.1792332487575044
67	0.6732323232323232	0.17211476023870714	0.17434698979571708	0.17629001971992417	0.17792131679835596	0.1792653070409555	0.18032802340958412	0.18113844246094368	0.1816834974931468	0.18199176984907395	0.18208234491829423	0.18195320423588487	0.18163470258446582	0.18111091792562192	0.1804260054252922	0.17956619130933116	0.17857879110761507	0.17743589141351032	0.17617909376998678	0.17480483609002842	0.17332278805639634
68	0.6831313131313131	0.16549394417275096	0.1677078782689818	0.16964141046725872	0.17127242126814787	0.17262450686916972	0.17370307765230628	0.17453617522910803	0.17511090406047244	0.17545490634561695	0.17558658027198942	0.1755038464970984	0.17523617690954194	0.1747680770464759	0.17414226430034932	0.17334544528339357	0.17242347152719945	0.17134929094485538	0.17016329175553652	0.16886198089883725	0.16745482559153033
69	0.693030303030303	0.1589747717813684	0.1611663340516055	0.1630863637750559	0.16471316877059672	0.16606951349387988	0.1671602118851963	0.16801236700625205	0.16861326619257963	0.16898961231311824	0.1691591181417434	0.16911964999839307	0.1688997884242376	0.16848446902901545	0.167914974122249	0.16717848440874758	0.1663193861890808	0.1653114872174106	0.1641939556717692	0.16296336959775534	0.1616289859118631
70	0.702929292929293	0.15255578177443466	0.1547210042336845	0.1566236264940883	0.15824239780716765	0.15959924990144378	0.16069842667509068	0.16156608989493382	0.16218972179404678	0.16259508627448846	0.16279921308115133	0.16279992085134878	0.16262489102561112	0.16225949187386238	0.16174357371894502	0.16106478531167015	0.1602660468364567	0.15932202444944968	0.1582706599889502	0.15710860471526855	0.1558448976422627
71	0.7128282828282828	0.14623553119601604	0.14837055259468837	0.15025196071541563	0.15185896083847164	0.15321265189522645	0.15431673438484622	0.15519642687175306	0.15583941880948993	0.15627053603548022	0.15650612823125393	0.15654397312139712	0.1564108459784	0.15609255041144948	0.15562750825032243	0.15500383049028046	0.15426297065616992	0.15338045190836053	0.15239298385810485	0.15129729311943926	0.15010219343033604
72	0.7227272727272727	0.14001259529731083	0.14211365947560728	0.14397014364281113	0.1455617241580336	0.1469086679716482	0.14801415905251813	0.14890247167040402	0.14956151511106883	0.1500151785770218	0.15027913521808664	0.15035112873067588	0.15025702182334136	0.1499830562157404	0.14956622912729328	0.14899510823885725	0.14830968020814217	0.1474863238449372	0.14656051105000714	0.14552904596134114	0.14440050989407222
73	0.7326262626262626	0.13388556740695648	0.1359490216495668	0.13777696746451712	0.13934956776603108	0.14068625919666378	0.1417897362713041	0.14268332866572364	0.14335517838713577	0.1438282399487821	0.14411751405150103	0.14422071736216852	0.14416279428675927	0.14393042751918514	0.14355919393206626	0.14303811257329208	0.14240570335587094	0.14163919942867395	0.140772829895098	0.1398034786193622	0.13873948757029145
74	0.7425252525252525	0.1278530587987991	0.1298753521910126	0.13167123922438145	0.13322138524302238	0.13454439908268875	0.13564251307025316	0.13653811275872868	0.137219586032015	0.13770895516395198	0.13802055302524194	0.13815207636510293	0.13812754619139214	0.13793408912888114	0.13760586633957847	0.13713234315763737	0.13655057319795957	0.13583864268403636	0.13502953322431988	0.13412021064435886	0.13311877086387952
75	0.7524242424242424	0.121913698557268	0.1238913803435319	0.1256517806924321	0.12717608362371235	0.12848207346598492	0.12957154779574695	0.1304659492626312	0.13115392503690163	0.13165656809522563	0.1319875486182597	0.13214455066159542	0.1321506673684439	0.1319934723439242	0.13170571604006867	0.13127730523174294	0.13074382800068907	0.1300842224276896	0.1293302183108501	0.12847886570564365	0.1275380079977979
76	0.7623232323232323	0.11606613344048153	0.11799585138641071	0.11971742823495074	0.12121258327075381	0.12249828038452522	0.12357590999375201	0.12446597378983579	0.12515739188186897	0.12567033137196865	0.12601780539724508	0.12619749265451624	0.12623155457084104	0.12610801487392712	0.12585821866277172	0.12547250953996164	0.124985011131583	0.12437551220668622	0.123674486812711	0.12287907153779651	0.12199685096385557
77	0.7722222222222221	0.11030902774120005	0.11218752649999711	0.11386703268405975	0.11532981774866514	0.1165920299563384	0.11765468029284763	0.11853733213990385	0.11922919242897159	0.11974950627855546	0.1201106359203629	0.12031026213656276	0.12036961138767119	0.12027716075868858	0.1200628557007145	0.11971747226089872	0.1192736709939651	0.11871209023756918	0.11806194471625946	0.11732045988828518	0.11649495547422552
78	0.7821212121212121	0.10464106314576001	0.10646518262996321	0.10809945920694446	0.10952673369784288	0.11076234425837136	0.11180695028803139	0.11267918018848526	0.1133685418164373	0.11389336265386484	0.11426536064217391	0.11448222620051701	0.1145642481597905	0.11450036028899152	0.11431911443659637	0.11401171493819645	0.11360936096249118	0.11309353934639456	0.11249220228051847	0.11180266646586104	0.11103198091370187
79	0.792020202020202	0.09906093859109825	0.1008276123505394	0.10241358717468894	0.10380229070873702	0.10500825720585819	0.10603182242530772	0.10689068377721994	0.10757466435393284	0.10810117879191695	0.10848130781972457	0.10871275915067531	0.10881488189657824	0.10877706992851484	0.1086264878697364	0.10835476441232932	0.10799163931963558	0.10751944690965029	0.10696487398234983	0.10632533088976383	0.10560759029266306
80	0.8019191919191919	0.09356737011999408	0.09527362372680143	0.09680831003082072	0.09815546119618797	0.09932881443222613	0.1003284098870657	0.10117101860457339	0.10184679341889831	0.1023722413436372	0.10275781341978987	0.10300124241542753	0.10312093619381787	0.10310675223683846	0.10298447464406683	0.10274615275339559	0.10242006919311576	0.10198940479605524	0.10147957846244868	0.10088809663966372	0.10022145020076687
81	0.8118181818181818	0.08815909073464265	0.08980204017609208	0.0912825351595997	0.092585230273988	0.09372307316954658	0.09469583647822417	0.09551937011765094	0.09618417135393051	0.0967058452197392	0.09709422102725297	0.09734706446097258	0.09748184115269491	0.09748887579352482	0.0973925789771594	0.09718541719488802	0.0968942184942414	0.09650300930922613	0.09603593847214754	0.09549061100636815	0.09487323076132238
82	0.8217171717171717	0.08283485024867168	0.08441170032864773	0.0858351837541	0.08709059562966094	0.08819010212954495	0.08913323651319571	0.0899349334049418	0.0905860493652227	0.09110129349470301	0.09148988175460673	0.09174962070615146	0.09189703329988508	0.0919229151232594	0.0918503105902626	0.09167210006842746	0.09141365985716679	0.09105986113119553	0.09063358082101312	0.09013252504326427	0.08956260558635488
83	0.8316161616161616	0.07759341513772067	0.07910145788751262	0.0804651906841347	0.08167056739951353	0.08272898138518262	0.08363975470362096	0.08441691309001238	0.0850516874220316	0.08555789731184699	0.08594415415256587	0.08620831343838077	0.08636595550872184	0.08640835062203359	0.08635718463933874	0.08620574873944188	0.08597797057905308	0.08565956526676521	0.08527213632522598	0.08481349351848738	0.08428925173234111
84	0.8415151515151514	0.07243356838868692	0.07387018148780898	0.07517150436406918	0.07632416804397066	0.07733880225282504	0.07821454604690334	0.07896452322613255	0.07958035415717422	0.08007497578947476	0.08045640412175632	0.08072255173067491	0.08088805692142546	0.080944668484351	0.08091272164707891	0.08078591554377647	0.08058673256106276	0.08030173098868346	0.07995123975672506	0.07953317486780241	0.07905284965660517
85	0.8514141414141414	0.067354109347749	0.0687167545554374	0.0699530866205704	0.07105043222323135	0.07201866717500799	0.07285677571557124	0.07357698719184083	0.07417132676854368	0.07465185592807803	0.07502600482550059	0.07529175135972994	0.07546279287237509	0.07553136063144511	0.07551644743588337	0.0754121577252191	0.07523953225027587	0.07498597178362933	0.07467052979310426	0.07429123114818566	0.07385308317436537
86	0.8613131313131313	0.06235385356727572	0.06364007516527935	0.06480891256033697	0.06584840667326296	0.06676768960381416	0.06756561894736278	0.06825353758743173	0.06882389092163058	0.06928787251860181	0.06965233660365315	0.06991533472507178	0.07008962481240948	0.07016792464048666	0.07016789306179133	0.0700840373739248	0.06993596058240739	0.06971190529899415	0.06942964896827263	0.06908732799209487	0.06868963941641675
87	0.8712121212121212	0.05743163265171768	0.05863905589896959	0.05973797043785207	0.06071715008216727	0.061584993884872714	0.06234026093621806	0.06299341613238794	0.06353734065304512	0.06398236805173742	0.06433478688748652	0.06459273076924078	0.06476802023414242	0.06485386367477285	0.06486659474934137	0.06480112136572395	0.0646756129253772	0.06447915329043956	0.06422824362377925	0.06392113456242786	0.06356220878744255
88	0.8811111111111111	0.05258629410258974	0.05371262370230702	0.05473926152320534	0.055655732966937044	0.05646971514199462	0.05717989672400063	0.057795873563696275	0.058310978275025134	0.058734692628246744	0.05907275011561218	0.059323374898984725	0.05949745259827194	0.05958868641486802	0.0596120938273528	0.05956298130230301	0.05945808902369483	0.059287341570227914	0.059065963860961405	0.05879232350811342	0.05847048492493753
89	0.891010101010101	0.047816701162638434	0.04885971974237036	0.04981179997002411	0.05066323755063233	0.05142099916245254	0.05208373109305701	0.05266016953511485	0.053144114280944475	0.05354420387029816	0.05386562765092309	0.05410670890748681	0.05427740126087555	0.054371906990701865	0.05440393666560356	0.054369193452237924	0.05428299294365007	0.05413609995630444	0.05394246349366818	0.053700570920401806	0.053414164658762336
90	0.9009090909090909	0.04312173265929098	0.04407929926440326	0.044954612683556036	0.0457387576399967	0.046438002282921505	0.04705097845958147	0.047585572517336465	0.04803606725175892	0.04841026683381768	0.04871282769854182	0.04894218089756819	0.0491073514016694	0.04920304491459957	0.04924167461241629	0.04921933869287239	0.04914993301929456	0.049025062222123016	0.04885740000179004	0.0486455562897639	0.048392947971224065
91	0.9108080808080807	0.038500282847481714	0.039370331448529645	0.04016673918894158	0.04088139850353983	0.04151989127608303	0.04208086276779471	0.04257135969906173	0.042986163763451046	0.04333225392180596	0.043613765224762055	0.04382924520587795	0.043986793953222726	0.0440816250152059	0.04412486393307705	0.044113002453021216	0.044058521799203935	0.04395386604720038	0.043810434485398494	0.04362696246343536	0.043406537957857656
92	0.9207070707070707	0.033951261251944254	0.034731799266364216	0.03544723149971701	0.0360902767501051	0.036665843237914525	0.037172617384935415	0.03761681688897825	0.03799373829541294	0.03830954479866214	0.03856786187698028	0.038767362328049816	0.03891522553110827	0.03900717737234754	0.03905306574916495	0.039049774656482523	0.039008375993998916	0.038922152968388385	0.03880123161957872	0.03864447560358063	0.03845464078864681
93	0.9306060606060605	0.029473592509059156	0.030162699337575104	0.03079515398658671	0.03136452020795043	0.03187504547566342	0.0323254849970693	0.032721238418637534	0.0330581331397832	0.03334152630546389	0.03357454590457799	0.033755998844808684	0.033892148364979204	0.03397923725275508	0.03402584597869219	0.03402924966637096	0.033999116424640874	0.03392956833185223	0.03382945960991808	0.03369778514606756	0.03353696566993036
94	0.9405050505050505	0.025066216208345087	0.02566204178645767	0.02620958324649614	0.02670326780435566	0.027146695396522147	0.027538717505696798	0.02788392704622766	0.028178698311720252	0.0284275923762075	0.028633252080777563	0.02879462734902475	0.028917070230555064	0.028997345046671695	0.029042775277088893	0.029051026230205782	0.029030367971413795	0.028975761245742762	0.028894790148639247	0.028786583759841566	0.028653224806789942
95	0.9504040404040404	0.02072808673367179	0.02122885009857351	0.021689607972050558	0.022105669445784272	0.022480000396991575	0.022811575925273934	0.023104193861237875	0.023354791460610147	0.023567143954998593	0.02374342162543304	0.02388272637367917	0.02398950438250278	0.024061046205320614	0.02410342897900746	0.02411470742580669	0.02410175952374619	0.0240603845335408	0.023996898371367315	0.023910567306890642	0.023803133366013984
96	0.9603030303030302	0.016458173104260995	0.016862160977489736	0.01723432882128103	0.01757088589859319	0.01787417775307359	0.01814333028136449	0.018381358190011143	0.018585777782195088	0.01875958891417812	0.018904502128753903	0.019019780320755977	0.019108969488210746	0.019169891179219595	0.019207387040931147	0.01921990060793182	0.019212923930568178	0.019183094688093896	0.01913546281452745	0.01906943480278406	0.0189864094395923
97	0.9702020202020202	0.012255458815692363	0.012561024201822849	0.012842858287949059	0.013098088670447186	0.013328454510954102	0.013533259509806925	0.013714747502177342	0.013871029931621115	0.014004341973374952	0.014115947475949669	0.014205279391029552	0.014274989562415982	0.014323435357329389	0.014354233984577375	0.014366217355670062	0.014363497951553991	0.014343551826288343	0.014310165373345425	0.014262888377828745	0.014202774008740954
98	0.98010101010101	0.008118941680595964	0.008324502482218261	0.008514320572015842	0.008686459892102462	0.00884206737867014	0.008980651356606428	0.009103697317968508	0.009209927937390991	0.009300824619478454	0.009377217772782007	0.009438719514740053	0.00948709390270634	0.009521239007029345	0.009543558841082355	0.009553273420575343	0.009553122209052545	0.00954141964438682	0.009520691260477254	0.009490633238662312	0.009451950908446393
99	0.99	0.004047633669691628	0.004151671318928784	0.004247851450886178	0.004335192200073747	0.004414262618390195	0.004484802278671107	0.004547551116404678	0.004601859116219423	0.004648465027513922	0.004687779272013358	0.004719602283143704	0.0047448170258571785	0.00476286721489063	0.004774955095951277	0.004780688675522261	0.004781441140407275	0.004776365373994921	0.0047667289651879925	0.0047523776305610985	0.00473366679252014
